123645       Matematik       89       89       89       89       89.0       
123456       Programlama       25       25       25       25       25.0       
123987       Matematik       75       75       98       98       86.5       
123987       Fizik       90       90       90       90       90.0       
124365       Kimya       93       93       98       97       95.25       
124365       Fizik       89       72       71       100       83.0       
124365       Programlama       93       94       99       100       96.5      
123654       Programlama       98       98       98       98       98.0      
123654       Kimya       76       89       89       100       88.5       
123987       Fizik       100       100       100       100       100.0       
123987       Programlama       100       100       100       100       100.0     
     